id: 0 req:8 src:V0 req Timeinit: 7.0 des:V0 route:V0 p(ratio):0.0 tComp:0.0 tTrans:0.0 tSer: 0.0 hop:0 npath:0 cWL:0.0 res:30.3030303030303
id: 1 req:8 src:V0 req Timeinit: 7.0 des:V1 route:V0 p(ratio):0.0 tComp:0.0 tTrans:0.0 tSer: 0.0 hop:1 npath:1 cWL:3.673094582185513 res:30.3030303030303
id: 2 req:8 src:V0 req Timeinit: 7.0 des:V5 route:V0 p(ratio):0.0 tComp:0.0 tTrans:0.0 tSer: 0.0 hop:1 npath:1 cWL:3.673094582185513 res:30.3030303030303
