8
id: 0 req:8 src:V0 req Timeinit: 7.0 des:R0 route:R0 p(ratio):1.0 tComp:1.8757575757575753 tTrans:0.0 tSer: 1.8757575757575753 hop:0 npath:0 cWL:159.3204775022955 res:303.030303030303
id: 1 req:8 src:V0 req Timeinit: 7.0 des:R1 route:R0 p(ratio):0.0 tComp:0.0 tTrans:0.0 tSer: 0.0 hop:1 npath:1 cWL:0.0 res:303.030303030303
id: 2 req:8 src:V0 req Timeinit: 7.0 des:R3 route:R0 p(ratio):0.0 tComp:1.1621212121212128 tTrans:0.0 tSer: 1.1621212121212128 hop:1 npath:1 cWL:352.1579430670341 res:303.030303030303
