id: 0 req:3 src:V0 req Timeinit: 2.0 des:R0 route:R0 p(ratio):0.0 tComp:0.8757575757575765 tTrans:0.0 tSer: 0.8757575757575765 hop:0 npath:0 cWL:265.38108356290195 res:303.030303030303
id: 1 req:3 src:V0 req Timeinit: 2.0 des:R1 route:R0 p(ratio):1.0 tComp:1.3500000000000003 tTrans:1.6363636363636365 tSer: 2.9863636363636368 hop:1 npath:1 cWL:0.0 res:303.030303030303
id: 2 req:3 src:V0 req Timeinit: 2.0 des:R3 route:R0 p(ratio):0.0 tComp:0.0 tTrans:0.0 tSer: 0.0 hop:1 npath:1 cWL:0.0 res:303.030303030303
