id: 0 req:10 src:V1 des:R1 route:R1 p(ratio):0.0 tComp:2.5666849923911546 tTrans:1.6363636363636367 tSer: 4.203048628754791 hop:0 npath:0 cWL:707.9889807162533 res:303.030303030303
id: 1 req:10 src:V1 des:R0 route:R1 p(ratio):0.0 tComp:2.53634133849981 tTrans:1.6667072902549787 tSer: 4.203048628754789 hop:1 npath:1 cWL:761.0181496210698 res:303.030303030303
id: 2 req:10 src:V1 des:R2 route:R1 p(ratio):0.0 tComp:2.4519967513846 tTrans:1.7510518773701915 tSer: 4.203048628754791 hop:1 npath:1 cWL:714.4168962350786 res:303.030303030303
id: 3 req:10 src:V1 des:R4 route:R1 p(ratio):1.0 tComp:1.47632467272824 tTrans:2.7267239560265493 tSer: 4.2030486287547895 hop:1 npath:1 cWL:175.34802039844806 res:303.030303030303
