id: 0 req:10 src:V1 des:R1 route:R1 p(ratio):0.0 tComp:2.336363636363636 tTrans:0.0 tSer: 2.336363636363636 hop:0 npath:0 cWL:707.9889807162533 res:303.030303030303
id: 1 req:10 src:V1 des:R0 route:R1 p(ratio):0.0 tComp:2.5113598937495305 tTrans:0.0 tSer: 2.5113598937495305 hop:1 npath:1 cWL:761.0181496210698 res:303.030303030303
id: 2 req:10 src:V1 des:R2 route:R1 p(ratio):0.0 tComp:2.3575757575757597 tTrans:0.0 tSer: 2.3575757575757597 hop:1 npath:1 cWL:714.4168962350786 res:303.030303030303
id: 3 req:10 src:V1 des:R4 route:R1 p(ratio):1.0 tComp:1.828648467314879 tTrans:1.5151515151515154 tSer: 3.343799982466394 hop:1 npath:1 cWL:175.34802039844806 res:303.030303030303
