id:0 req6 src:V0-R0 des:R0 route:R0 p:0.0 tComp:0.8757575757575765 tTrans:0.0 tSer: 0.8757575757575765 hop:0 npath:0 cWL:265.38108356290195 mWL:409.0909090909091
id:1 req6 src:V0-R0 des:R1 route:R0 p:0.0 tComp:0.16212121212121272 tTrans:0.0 tSer: 0.16212121212121272 hop:1 npath:1 cWL:49.12764003673112 mWL:409.0909090909091
id:2 req6 src:V0-R0 des:R3 route:R0 p:1.0 tComp:1.3500000000000003 tTrans:1.6363636363636365 tSer: 2.9863636363636368 hop:1 npath:1 cWL:0.0 mWL:409.0909090909091
