id:0 req10 src:V0-R0 des:R0 route:R0 p:1.0 tComp:1.3500000000000003 tTrans:0.0 tSer: 1.3500000000000003 hop:0 npath:0 cWL:0.0 mWL:409.0909090909091
id:1 req10 src:V0-R0 des:R1 route:R0 p:0.0 tComp:1.3499999999999999 tTrans:0.0 tSer: 1.3499999999999999 hop:1 npath:1 cWL:409.090909090909 mWL:409.0909090909091
id:2 req10 src:V0-R0 des:R3 route:R0 p:0.0 tComp:5.627498467219994E-16 tTrans:0.0 tSer: 5.627498467219994E-16 hop:1 npath:1 cWL:1.7053025658242404E-13 mWL:409.0909090909091
