id:0 req2 src:V0-R0 des:R0 route:R0 p:1.0 tComp:1.8757575757575762 tTrans:0.0 tSer: 1.8757575757575762 hop:0 npath:0 cWL:159.32047750229574 mWL:409.0909090909091
id:1 req2 src:V0-R0 des:R1 route:R0 p:0.0 tComp:0.0 tTrans:0.0 tSer: 0.0 hop:1 npath:1 cWL:0.0 mWL:409.0909090909091
id:2 req2 src:V0-R0 des:R3 route:R0 p:0.0 tComp:0.0 tTrans:0.0 tSer: 0.0 hop:1 npath:1 cWL:0.0 mWL:409.0909090909091
