id: 0 req:4 src:V0 req Timeinit: 3.0 des:R0 route:R0 p(ratio):0.6454154276834368 tComp:0.8711172027443367 tTrans:0.17575757575757578 tSer: 1.0468747785019126 hop:0 npath:0 cWL:0.0 res:303.030303030303
id: 1 req:4 src:V0 req Timeinit: 3.0 des:R1 route:R0 p(ratio):0.35458457231656254 tComp:0.47858279725566266 tTrans:0.7559868759119487 tSer: 1.2345696731676115 hop:1 npath:1 cWL:0.0 res:303.030303030303
id: 2 req:4 src:V0 req Timeinit: 3.0 des:R3 route:R0 p(ratio):1.0757412779540429E-16 tComp:1.3500000000000003 tTrans:0.17575757575757592 tSer: 1.5257575757575763 hop:1 npath:1 cWL:409.0909090909091 res:303.030303030303
