id: 0 req:7 src:V0 req Timeinit: 6.0 des:R0 route:R0 p(ratio):0.8481556114974806 tComp:1.1447556288381482 tTrans:0.17575757575757578 tSer: 1.320513204595724 hop:0 npath:0 cWL:0.0 res:303.030303030303
id: 1 req:7 src:V0 req Timeinit: 6.0 des:R1 route:R0 p(ratio):1.4874493033119716E-16 tComp:1.3500000000000003 tTrans:0.175757575757576 tSer: 1.5257575757575763 hop:1 npath:1 cWL:409.0909090909091 res:303.030303030303
id: 2 req:7 src:V0 req Timeinit: 6.0 des:R3 route:R0 p(ratio):0.1518443885025194 tComp:0.204944371161852 tTrans:0.42423021148897305 tSer: 0.629174582650825 hop:1 npath:1 cWL:0.0 res:303.030303030303
