id: 0 req:1 src:V0 req Timeinit: 0.0 des:R0 route:R0 p(ratio):0.5252102251195623 tComp:0.7088762408438732 tTrans:0.17575757575757578 tSer: 0.884633816601449 hop:0 npath:0 cWL:0.0 res:303.030303030303
id: 1 req:1 src:V0 req Timeinit: 0.0 des:R1 route:R0 p(ratio):0.23739488744021797 tComp:0.3204118795780622 tTrans:0.564221937023387 tSer: 0.8846338166014491 hop:1 npath:1 cWL:0.0 res:303.030303030303
id: 2 req:1 src:V0 req Timeinit: 0.0 des:R3 route:R0 p(ratio):0.23739488744021794 tComp:0.32041187957806216 tTrans:0.564221937023387 tSer: 0.8846338166014491 hop:1 npath:1 cWL:0.0 res:303.030303030303
