id: 0 req:4 src:V0 req Timeinit: 3.0 des:R0 route:R0 p(ratio):0.9929713128364419 tComp:1.3402133809353567 tTrans:0.17575757575757578 tSer: 1.5159709566929325 hop:0 npath:0 cWL:0.0 res:303.030303030303
id: 1 req:4 src:V0 req Timeinit: 3.0 des:R1 route:R0 p(ratio):6.084572531792393E-17 tComp:1.3500000000000003 tTrans:0.17575757575757586 tSer: 1.525757575757576 hop:1 npath:1 cWL:409.0909090909091 res:303.030303030303
id: 2 req:4 src:V0 req Timeinit: 3.0 des:R3 route:R0 p(ratio):0.007028687163558039 tComp:0.009486619064643261 tTrans:0.18725906384338467 tSer: 0.19674568290802794 hop:1 npath:1 cWL:0.0 res:303.030303030303
