id: 0 req:8 src:V0 req Timeinit: 7.0 des:R0 route:R0 p(ratio):0.5446644099812226 tComp:1.2608911299092314 tTrans:0.17575757575757578 tSer: 1.4366487056668071 hop:0 npath:0 cWL:159.3204775022955 res:303.030303030303
id: 1 req:8 src:V0 req Timeinit: 7.0 des:R1 route:R0 p(ratio):0.03307696345959283 tComp:1.206765189702625 tTrans:0.22988351596418222 tSer: 1.4366487056668071 hop:1 npath:1 cWL:352.1579430670341 res:303.030303030303
id: 2 req:8 src:V0 req Timeinit: 7.0 des:R3 route:R0 p(ratio):0.4222586265591839 tComp:0.5699224682669305 tTrans:0.8667262373998768 tSer: 1.4366487056668071 hop:1 npath:1 cWL:0.0 res:303.030303030303
