id: 0 req:10 src:V0 req Timeinit: 9.0 des:R0 route:R0 p(ratio):0.5971830910160006 tComp:0.8060180179631916 tTrans:0.17575757575757578 tSer: 0.9817755937207674 hop:0 npath:0 cWL:0.0 res:303.030303030303
id: 1 req:10 src:V0 req Timeinit: 9.0 des:R1 route:R0 p(ratio):0.40281690898399986 tComp:0.5436819820368095 tTrans:0.8349125177084847 tSer: 1.3785944997452941 hop:1 npath:1 cWL:1.7053025658242404E-13 res:303.030303030303
id: 2 req:10 src:V0 req Timeinit: 9.0 des:R3 route:R0 p(ratio):1.0521509923162528E-17 tComp:1.3499999999999999 tTrans:0.1757575757575758 tSer: 1.5257575757575756 hop:1 npath:1 cWL:409.090909090909 res:303.030303030303
