id: 0 req:6 src:V0 req Timeinit: 5.0 des:R0 route:R0 p(ratio):0.24565625361434745 tComp:1.2073198212608616 tTrans:0.17575757575757578 tSer: 1.3830773970184373 hop:0 npath:0 cWL:265.38108356290195 res:303.030303030303
id: 1 req:6 src:V0 req Timeinit: 5.0 des:R1 route:R0 p(ratio):0.35002556422825215 tComp:0.6345507161600846 tTrans:0.748526680858352 tSer: 1.3830773970184365 hop:1 npath:1 cWL:49.12764003673112 res:303.030303030303
id: 2 req:6 src:V0 req Timeinit: 5.0 des:R3 route:R0 p(ratio):0.40431818215740023 tComp:0.545708250457843 tTrans:0.8373691465605942 tSer: 1.3830773970184373 hop:1 npath:1 cWL:0.0 res:303.030303030303
