id: 0 req:9 src:V0 req Timeinit: 8.0 des:R0 route:R0 p(ratio):0.24565625361434815 tComp:1.2073198212608607 tTrans:0.17575757575757578 tSer: 1.3830773970184365 hop:0 npath:0 cWL:265.3810835629015 res:303.030303030303
id: 1 req:9 src:V0 req Timeinit: 8.0 des:R1 route:R0 p(ratio):0.3500255642282521 tComp:0.6345507161600845 tTrans:0.7485266808583518 tSer: 1.3830773970184365 hop:1 npath:1 cWL:49.12764003673112 res:303.030303030303
id: 2 req:9 src:V0 req Timeinit: 8.0 des:R3 route:R0 p(ratio):0.40431818215739973 tComp:0.5457082504578425 tTrans:0.8373691465605937 tSer: 1.3830773970184362 hop:1 npath:1 cWL:0.0 res:303.030303030303
