id: 0 req:9 src:V0 req Timeinit: 8.0 des:R0 route:R0 p(ratio):0.24565625361434762 tComp:1.20731982126086 tTrans:0.17575757575757578 tSer: 1.3830773970184358 hop:0 npath:0 cWL:265.3810835629015 res:303.030303030303
id: 1 req:9 src:V0 req Timeinit: 8.0 des:R1 route:R0 p(ratio):0.4043181821573996 tComp:0.5457082504578423 tTrans:0.8373691465605934 tSer: 1.3830773970184356 hop:1 npath:1 cWL:0.0 res:303.030303030303
id: 2 req:9 src:V0 req Timeinit: 8.0 des:R3 route:R0 p(ratio):0.3500255642282516 tComp:0.634550716160084 tTrans:0.7485266808583512 tSer: 1.3830773970184351 hop:1 npath:1 cWL:49.12764003673112 res:303.030303030303
