id: 0 req:2 src:V0 req Timeinit: 1.0 des:R0 route:R0 p(ratio):0.34026222109228055 tComp:0.985009495565827 tTrans:0.17575757575757578 tSer: 1.1607670713234026 hop:0 npath:0 cWL:159.32047750229574 res:303.030303030303
id: 1 req:2 src:V0 req Timeinit: 1.0 des:R1 route:R0 p(ratio):0.3298688894538597 tComp:0.4452240400958745 tTrans:0.7155430312275282 tSer: 1.1607670713234026 hop:1 npath:1 cWL:0.0 res:303.030303030303
id: 2 req:2 src:V0 req Timeinit: 1.0 des:R3 route:R0 p(ratio):0.3298688894538597 tComp:0.4452240400958745 tTrans:0.7155430312275282 tSer: 1.1607670713234026 hop:1 npath:1 cWL:0.0 res:303.030303030303
