id: 0 req:7 src:V0 req Timeinit: 6.0 des:R0 route:R0 p(ratio):0.6889589203331687 tComp:0.9298878548797374 tTrans:0.17575757575757578 tSer: 1.1056454306373131 hop:0 npath:0 cWL:0.0 res:303.030303030303
id: 1 req:7 src:V0 req Timeinit: 6.0 des:R1 route:R0 p(ratio):0.31104107966683003 tComp:0.4198121451202614 tTrans:0.6847338878110761 tSer: 1.1045460329313375 hop:1 npath:1 cWL:0.0 res:303.030303030303
id: 2 req:7 src:V0 req Timeinit: 6.0 des:R3 route:R0 p(ratio):1.7576446245920426E-16 tComp:1.3500000000000003 tTrans:0.17575757575757603 tSer: 1.5257575757575763 hop:1 npath:1 cWL:409.0909090909091 res:303.030303030303
