id: 0 req:10 src:V0 req Timeinit: 9.0 des:R0 route:R0 p(ratio):0.5570891066183863 tComp:0.7519031672023798 tTrans:0.17575757575757578 tSer: 0.9276607429599556 hop:0 npath:0 cWL:0.0 res:303.030303030303
id: 1 req:10 src:V0 req Timeinit: 9.0 des:R1 route:R0 p(ratio):3.520966945001495E-17 tComp:1.3499999999999999 tTrans:0.17575757575757583 tSer: 1.5257575757575756 hop:1 npath:1 cWL:409.090909090909 res:303.030303030303
id: 2 req:10 src:V0 req Timeinit: 9.0 des:R3 route:R0 p(ratio):0.44291089338161355 tComp:0.5977968327976205 tTrans:0.9005208558371328 tSer: 1.4983176886347533 hop:1 npath:1 cWL:1.7053025658242404E-13 res:303.030303030303
