id: 0 req:5 src:V6 req Timeinit4.0 des:R1 route:R1 p(ratio):0.0 tComp:1.1027715469907078 tTrans:1.3939393939393945 tSer: 2.496710940930102 hop:0 npath:0 cWL:287.878787878788 res:303.030303030303
id: 1 req:5 src:V6 req Timeinit4.0 des:R0 route:R1 p(ratio):0.0 tComp:1.0190394808652152 tTrans:1.4776714600648866 tSer: 2.496710940930102 hop:1 npath:1 cWL:287.87878787878805 res:303.030303030303
id: 2 req:5 src:V6 req Timeinit4.0 des:R2 route:R1 p(ratio):0.0 tComp:0.7034743618675079 tTrans:1.7932365790625941 tSer: 2.496710940930102 hop:1 npath:1 cWL:113.40679522497766 res:303.030303030303
id: 3 req:5 src:V6 req Timeinit4.0 des:R4 route:R1 p(ratio):0.0 tComp:0.49835703451899643 tTrans:1.9983539064111058 tSer: 2.496710940930102 hop:1 npath:1 cWL:0.0 res:303.030303030303
