id: 0 req:6 src:V6 req Timeinit5.0 des:R1 route:R1 p(ratio):0.0 tComp:0.7310585754093951 tTrans:1.3939393939393945 tSer: 2.1249979693487897 hop:0 npath:0 cWL:67.49311294765869 res:303.030303030303
id: 1 req:6 src:V6 req Timeinit5.0 des:R0 route:R1 p(ratio):0.0 tComp:0.48056465981671526 tTrans:1.522888516211866 tSer: 2.0034531760285814 hop:1 npath:1 cWL:113.40679522497766 res:303.030303030303
id: 2 req:6 src:V6 req Timeinit5.0 des:R2 route:R1 p(ratio):0.0 tComp:0.43474646174358916 tTrans:1.9212060973725467 tSer: 2.355952559116136 hop:1 npath:1 cWL:0.0 res:303.030303030303
id: 3 req:6 src:V6 req Timeinit5.0 des:R4 route:R1 p(ratio):0.0 tComp:1.0500000000000007 tTrans:1.3939393939393947 tSer: 2.443939393939395 hop:1 npath:1 cWL:318.1818181818183 res:303.030303030303
