id: 0 req:4 src:V6 req Timeinit3.0 des:R1 route:R1 p(ratio):0.0 tComp:0.5338367524412738 tTrans:1.2727272727272734 tSer: 1.806564025168547 hop:0 npath:0 cWL:0.0 res:303.030303030303
id: 1 req:4 src:V6 req Timeinit3.0 des:R0 route:R1 p(ratio):0.0 tComp:0.9500000000000006 tTrans:1.2727272727272734 tSer: 2.222727272727274 hop:1 npath:1 cWL:287.87878787878805 res:303.030303030303
id: 2 req:4 src:V6 req Timeinit3.0 des:R2 route:R1 p(ratio):0.0 tComp:0.9500000000000006 tTrans:1.2727272727272734 tSer: 2.222727272727274 hop:1 npath:1 cWL:287.87878787878805 res:303.030303030303
id: 3 req:4 src:V6 req Timeinit3.0 des:R4 route:R1 p(ratio):0.0 tComp:0.4132632475587258 tTrans:1.775186243404319 tSer: 2.1884494909630448 hop:1 npath:1 cWL:0.0 res:303.030303030303
