id: 0 req:2 src:V6 req Timeinit1.0 des:R1 route:R1 p(ratio):0.0 tComp:1.1500000000000006 tTrans:1.2727272727272734 tSer: 2.4227272727272737 hop:0 npath:0 cWL:348.48484848484856 res:303.030303030303
id: 1 req:2 src:V6 req Timeinit1.0 des:R0 route:R1 p(ratio):0.0 tComp:0.053553268177713394 tTrans:1.3378390874456676 tSer: 1.391392355623381 hop:1 npath:1 cWL:0.0 res:303.030303030303
id: 2 req:2 src:V6 req Timeinit1.0 des:R2 route:R1 p(ratio):0.0 tComp:0.4763033394240415 tTrans:1.8518324485947089 tSer: 2.3281357880187503 hop:1 npath:1 cWL:0.0 res:303.030303030303
id: 3 req:2 src:V6 req Timeinit1.0 des:R4 route:R1 p(ratio):0.0 tComp:0.417243392398245 tTrans:1.7800254336565957 tSer: 2.1972688260548408 hop:1 npath:1 cWL:0.0 res:303.030303030303
