id: 0 req:10 src:V6 req Timeinit9.0 des:R5 route:R5 p(ratio):0.0 tComp:0.8341341453582347 tTrans:1.6363636363636367 tSer: 2.470497781721871 hop:0 npath:0 cWL:217.17171717171766 res:303.030303030303
id: 1 req:10 src:V6 req Timeinit9.0 des:R2 route:R5 p(ratio):0.0 tComp:0.3766441737694779 tTrans:2.0938536079523935 tSer: 2.470497781721871 hop:1 npath:1 cWL:0.0 res:303.030303030303
id: 2 req:10 src:V6 req Timeinit9.0 des:R4 route:R5 p(ratio):0.0 tComp:0.37664417376947773 tTrans:2.093853607952393 tSer: 2.4704977817218707 hop:1 npath:1 cWL:0.0 res:303.030303030303
id: 3 req:10 src:V6 req Timeinit9.0 des:R8 route:R5 p(ratio):0.0 tComp:0.3766441737694776 tTrans:2.093853607952393 tSer: 2.4704977817218707 hop:1 npath:1 cWL:0.0 res:303.030303030303
