id: 0 req:3 src:V6 req Timeinit2.0 des:R1 route:R1 p(ratio):0.0 tComp:0.9444234122865747 tTrans:1.2727272727272734 tSer: 2.217150685013848 hop:0 npath:0 cWL:201.56106519742897 res:303.030303030303
id: 1 req:3 src:V6 req Timeinit2.0 des:R0 route:R1 p(ratio):0.0 tComp:0.38259572740037895 tTrans:1.7378996695243352 tSer: 2.120495396924714 hop:1 npath:1 cWL:0.0 res:303.030303030303
id: 2 req:3 src:V6 req Timeinit2.0 des:R2 route:R1 p(ratio):0.0 tComp:0.9500000000000006 tTrans:1.2727272727272734 tSer: 2.222727272727274 hop:1 npath:1 cWL:287.87878787878805 res:303.030303030303
id: 3 req:3 src:V6 req Timeinit2.0 des:R4 route:R1 p(ratio):0.0 tComp:0.28523237546456254 tTrans:1.6195221223208776 tSer: 1.90475449778544 hop:1 npath:1 cWL:0.0 res:303.030303030303
