id: 0 req:1 src:V6 req Timeinit0.0 des:R1 route:R1 p(ratio):0.0 tComp:0.4876164260322446 tTrans:1.5151515151515154 tSer: 2.00276794118376 hop:0 npath:0 cWL:0.0 res:303.030303030303
id: 1 req:1 src:V6 req Timeinit0.0 des:R0 route:R1 p(ratio):0.0 tComp:0.22026119132258493 tTrans:1.7825067498611749 tSer: 2.00276794118376 hop:1 npath:1 cWL:0.0 res:303.030303030303
id: 2 req:1 src:V6 req Timeinit0.0 des:R2 route:R1 p(ratio):0.0 tComp:0.22026119132258482 tTrans:1.7825067498611746 tSer: 2.0027679411837593 hop:1 npath:1 cWL:0.0 res:303.030303030303
id: 3 req:1 src:V6 req Timeinit0.0 des:R4 route:R1 p(ratio):0.0 tComp:0.22026119132258495 tTrans:1.7825067498611749 tSer: 2.00276794118376 hop:1 npath:1 cWL:0.0 res:303.030303030303
